Array peaklist for: /home/basilius/bin/glabs-nmr/sampledata/smp/nmr/strychnine/2/
   at 4.638 ppm

1   105.344
2   204.594
3   -43.970
4   -43.201
5   77.067
6   -57.002
7   -68.031
8   73.993
9   6.667
10   -44.700
11   63.136
12   18.806
13   -76.609
14   2.045
15   26.186
16   -48.425
17   -1.763
18   59.353
19   0.073
20   -26.697
21   18.001
22   17.008
23   -8.963
24   -9.866
25   -5.778
26   9.588
27   16.581
28   -13.900
29   -26.732
30   -7.683
31   -2.472
32   13.389
33   28.022
34   -10.458
35   -18.309
36   16.706
37   -14.667
38   -25.472
39   44.866
40   19.117
41   -49.819
42   3.679
43   17.067
44   -49.703
45   -7.803
46   32.339
47   -32.294
48   -16.321
49   33.594
50   -15.400
51   -14.374
52   41.479
53   5.852
54   -27.736
55   6.316
56   6.492
57   -9.723
58   8.849
59   14.982
60   -3.622
61   -15.365
62   -6.500
63   9.014
64   3.812
65   -3.070
66   2.272
67   -6.130
68   -0.176
69   36.598
70   32.721
71   -5.935
72   -4.357
73   11.911
74   -5.669
75   -20.619
76   -0.323
77   9.967
78   -10.338
79   -1.333
80   27.596
81   -4.877
82   -35.605
83   2.620
84   -3.250
85   -37.403
86   26.131
87   62.281
88   -9.028
89   -8.224
90   34.985
91   -30.782
92   -64.652
93   10.621
94   23.152
95   -14.760
96   10.119
97   11.972
98   -34.502
99   -18.543
100   21.532
101   -2.909
102   -11.452
103   33.330
104   21.284
105   -29.809
106   -2.792
107   28.960
108   -24.979
109   -36.689
110   23.721
111   11.891
112   -33.802
113   -8.336
114   8.621
115   -14.162
116   -0.314
117   21.294
118   11.457
119   7.186
120   8.517
121   -6.295
122   -17.790
123   1.335
124   27.453
125   4.780
126   -18.284
127   14.617
128   7.106
